[MAIN]
AccFrames=2
AccType=Frame
Company=
Date=2025-01-27
Description=
Device=TESCAN AMBER X
DeviceModel=S8254X
FullUserName=LAME_Supervisor
ImageStripSize=80
Magnification=249.94149829
MagnificationReference=0.2792
OrigFileName=control sample FIB
PixelSizeX=0.000001090880273
PixelSizeY=0.000001090880273
SerialNumber=123-0245
Sign=
SoftwareVersion=TESCAN Essence Version 1.3.1.0, build 7450
Time=14:30:38
UserName=LAME_Supervisor
ViewFieldsCountX=1
ViewFieldsCountY=1

[FIB]
ChamberPressure=0.00162483
ColumnPressure=0.00011
ColumnTilt=55
ColumnType=iFIB+
Condenser=20901.9
Detector=SE
Detector0=SE
Detector0FlatField=0
Detector0Gain=46.094
Detector0Offset=69.375
DwellTime=0.000001
EmissionCurrent=0.000006109
Extractor=800.1
GunPressure=0.000596653
HV=30000.0
ImageShiftX=0.0
ImageShiftY=0.0
LUTGamma=1.0
LUTMaximum=1.0
LUTMinimum=0.0
LastPreset=30 keV; 50 pA
Objective=17530.5
PredictedBeamCurrent=0.0000000023147
PresetAlignmentX=-0.000000078
PresetAlignmentY=0.0
PrimaryDetectorGain=46.094
PrimaryDetectorOffset=69.375
ProbeApertureDiameter=0.00005
ProbeApertureIndex=16
ProbeApertureLabel=#16
ProbeAperturePositionX=0.001309999
ProbeAperturePositionY=-0.000195998
ScanID=1371
ScanRotation=0.0
ScanSpeed=3.0
SessionID=57b857b9-f492-4243-a889-c67166633156
SpotSize=0.000000296726
StageRotation=187.5
StageTilt=0.001
StageX=0.000893638
StageY=-0.018912863
StageZ=0.02914755
StigmatorX=1.50727
StigmatorY=0.1259
TiltCorrection=0.0
WD=0.012

